chr	start	end	num_reads	A	A_Frac	G	G_Frac	C	C_Frac	T	T_Frac.
chr1	13828907	13828908	3830	3699	96.579634464752	117	3.05483028720627	5	0.130548302872063	9	0.234986945169713
chr1	160816880	160816881	3320	3215	96.8373493975904	89	2.68072289156627	6	0.180722891566265	10	0.301204819277108
chr1	233312667	233312668	2657	13	0.489273616861122	2	0.0752728641324802	62	2.33345878810689	2580	97.1019947308995
chr1	236218525	236218526	2439	0	0	2374	97.3349733497335	58	2.3780237802378	7	0.2870028700287
chr2	85542588	85542589	3270	5	0.152905198776758	118	3.6085626911315	3147	96.2385321100917	0	0
chr2	237350171	237350172	4142	26	0.627716079188798	179	4.32158377595365	3933	94.954128440367	4	0.0965717044905842
chr3	11846517	11846518	3038	1	0.032916392363397	2974	97.8933508887426	58	1.90915075707702	6	0.197498354180382
chr3	16264167	16264168	2438	16	0.656275635767022	80	3.28137817883511	2339	95.9392945036916	3	0.123051681706317
chr4	168742464	168742465	2954	1	0.03385240352065	2833	95.9038591740014	7	0.23696682464455	111	3.75761679079215
chr4	185458745	185458746	2874	14	0.487125956854558	98	3.40988169798191	2761	96.0681976339596	1	0.034794711203897
chr5	55664859	55664860	2446	12	0.490596892886345	1	0.0408830744071954	83	3.39329517579722	2350	96.0752248569092
chr5	137297649	137297650	3846	3718	96.671866874675	118	3.068122724909	5	0.130005200208008	5	0.130005200208008
chr5	170308916	170308917	2105	79	3.75296912114014	8	0.380047505938242	2016	95.7719714964371	2	0.0950118764845606
chr5	179263724	179263725	3280	3191	97.2865853658537	82	2.5	1	0.0304878048780488	6	0.182926829268293
chr5	180619344	180619345	2670	3	0.112359550561798	55	2.05992509363296	2611	97.7902621722846	0	0
chr6	125957084	125957085	2415	1	0.041407867494824	2311	95.6935817805383	101	4.18219461697723	3	0.124223602484472
chr6	170553212	170553213	2003	0	0	1957	97.7034448327509	43	2.14677983025462	3	0.149775336994508
chr7	25154999	25155000	3085	62	2.0097244732577	3004	97.3743922204214	9	0.291734197730956	10	0.324149108589951
chr7	141973545	141973546	3183	12	0.377002827521206	80	2.51335218347471	3090	97.0782280867107	1	0.0314169022934339
chr9	134525462	134525463	4206	0	0	4105	97.5986685687114	14	0.332857822158821	87	2.06847360912981
chr10	5679690	5679691	2151	2083	96.838679683868	0	0	61	2.83589028358903	7	0.325430032543003
chr10	116747388	116747389	3355	3256	97.0491803278689	77	2.29508196721311	8	0.238450074515648	14	0.417287630402384
chr11	17498195	17498196	3937	2	0.0508001016002032	3818	96.9773939547879	112	2.84480568961138	5	0.127000254000508
chr11	115336457	115336458	2427	9	0.370828182941904	63	2.59579728059333	2355	97.0333745364648	0	0
chr11	117293108	117293109	3443	13	0.377577693871624	97	2.81731048504211	3332	96.7760673830961	1	0.0290444379901249
chr12	56433910	56433911	4041	3	0.0742390497401633	3883	96.0900767136847	141	3.48923533778768	14	0.346448898787429
chr13	83882600	83882601	3087	22	0.712666018788468	1	0.0323939099449304	80	2.59151279559443	2984	96.6634272756722
chr15	40363672	40363673	3236	12	0.370828182941904	144	4.44993819530284	3076	95.0556242274413	2	0.0618046971569839
chr17	73236742	73236743	3540	3	0.0847457627118644	3368	95.1412429378531	153	4.32203389830508	16	0.451977401129944
chr17	78453423	78453424	3994	0	0	3844	96.2443665498247	136	3.40510766149224	13	0.325488232348523
chr17	82504059	82504060	3957	12	0.303260045489007	16	0.404346727318676	127	3.20950214809199	3802	96.0828910791003
chr17	82807912	82807913	3701	15	0.405295865982167	10	0.270197243988111	122	3.29640637665496	3554	96.0281005133748
chr18	31731071	31731072	3196	3075	96.2140175219024	112	3.50438047559449	0	0	9	0.281602002503129
chr19	41433392	41433393	3238	2	0.0617665225447807	3092	95.491043854231	138	4.26189005558987	5	0.154416306361952
chr20	3671095	3671096	3736	8	0.214132762312634	121	3.23875802997859	3605	96.4935760171306	2	0.0535331905781585
chr21	42873634	42873635	3176	4	0.125944584382872	104	3.27455919395466	3068	96.5994962216625	0	0
Min Read Depth Required: 100
Fetal Fraction Estimate: 6.16
Fetal StdDev: 1.42
No. Informative SNPS: 36
Informative SNP defined as >2% and <40% Fetal Fraction
