chr	start	end	num_reads	A	A_Frac	G	G_Frac	C	C_Frac	T	T_Frac.
chr5	17374828	17374829	2619	1	0.0381825124093165	2586	98.7399770904926	4	0.152730049637266	27	1.03092783505155
chr5	17374936	17374937	1522	0	0	1504	98.8173455978975	0	0	18	1.1826544021025
chr5	17374951	17374952	1285	0	0	1265	98.443579766537	0	0	20	1.55642023346304
chr5	17374955	17374956	1205	0	0	1189	98.6721991701245	1	0.0829875518672199	15	1.2448132780083
chr5	17374971	17374972	1023	1009	98.6314760508309	0	0	0	0	14	1.36852394916911
chr5	17374978	17374979	869	860	98.9643268124281	0	0	0	0	9	1.03567318757192
chr5	17374979	17374980	833	822	98.6794717887155	0	0	1	0.120048019207683	11	1.32052821128451
chr6	12059876	12059877	916	0	0	900	98.2532751091703	0	0	16	1.74672489082969
chr6	12059880	12059881	840	829	98.6904761904762	1	0.119047619047619	0	0	10	1.19047619047619
chr6	12059882	12059883	817	0	0	804	98.4088127294982	0	0	13	1.59118727050184
chr6	12059898	12059899	731	721	98.6320109439124	0	0	1	0.136798905608755	9	1.2311901504788
chr6	12059913	12059914	633	1	0.157977883096367	621	98.1042654028436	4	0.631911532385466	7	1.10584518167457
chr6	12059917	12059918	546	537	98.3516483516484	0	0	3	0.549450549450549	6	1.0989010989011
chr6	12059918	12059919	540	534	98.8888888888889	0	0	0	0	6	1.11111111111111
chr6	12059921	12059922	529	519	98.109640831758	0	0	0	0	8	1.51228733459357
chr6	12059923	12059924	518	511	98.6486486486486	0	0	0	0	7	1.35135135135135
chr6	12059925	12059926	515	509	98.8349514563107	0	0	0	0	6	1.16504854368932
chr6	12059926	12059927	510	500	98.0392156862745	0	0	4	0.784313725490196	6	1.17647058823529
chr6	12059934	12059935	392	0	0	386	98.469387755102	1	0.255102040816327	5	1.27551020408163
chr6	12059935	12059936	386	1	0.259067357512953	5	1.29533678756477	380	98.4455958549223	0	0
chr6	12059940	12059941	359	353	98.3286908077994	0	0	2	0.557103064066852	4	1.1142061281337
chr6	12059971	12059972	232	3	1.29310344827586	1	0.431034482758621	0	0	228	98.2758620689655
chr6	12059973	12059974	226	0	0	3	1.32743362831858	223	98.6725663716814	0	0
chr6	12059975	12059976	211	207	98.1042654028436	0	0	0	0	4	1.8957345971564
chr6	12059985	12059986	158	2	1.26582278481013	0	0	0	0	156	98.7341772151899
chr6	12059986	12059987	156	153	98.0769230769231	0	0	1	0.641025641025641	2	1.28205128205128
chr6	12059988	12059989	147	2	1.36054421768707	1	0.680272108843537	0	0	144	97.9591836734694
chr6	12060002	12060003	122	119	97.5409836065574	0	0	1	0.819672131147541	2	1.63934426229508
chr6	12060009	12060010	122	2	1.63934426229508	0	0	0	0	120	98.3606557377049
chr6	12060038	12060039	95	94	98.9473684210526	0	0	1	1.05263157894737	0	0
chr6	12060041	12060042	92	1	1.08695652173913	0	0	2	2.17391304347826	89	96.7391304347826
chr6	12060042	12060043	86	0	0	0	0	1	1.16279069767442	85	98.8372093023256
chr6	12060043	12060044	89	0	0	0	0	1	1.12359550561798	88	98.876404494382
chr6	26509308	26509309	1006	991	98.5089463220676	0	0	3	0.298210735586481	12	1.19284294234592
chr6	26509324	26509325	790	779	98.6075949367089	0	0	0	0	11	1.39240506329114
chr6	26509326	26509327	788	0	0	779	98.8578680203046	1	0.126903553299492	8	1.01522842639594
chr6	26509328	26509329	764	1	0.130890052356021	14	1.83246073298429	0	0	749	98.0366492146597
chr6	26509338	26509339	604	596	98.6754966887417	0	0	1	0.165562913907285	7	1.15894039735099
chr6	26509339	26509340	590	2	0.338983050847458	6	1.01694915254237	581	98.4745762711864	1	0.169491525423729
chr6	26509340	26509341	584	0	0	6	1.02739726027397	577	98.8013698630137	1	0.171232876712329
chr6	26509344	26509345	566	3	0.530035335689046	6	1.06007067137809	557	98.4098939929329	0	0
chr6	26509346	26509347	530	521	98.3018867924528	0	0	2	0.377358490566038	7	1.32075471698113
chr6	26509347	26509348	522	514	98.4674329501916	0	0	2	0.383141762452107	6	1.14942528735632
chr6	26509363	26509364	439	427	97.2665148063781	0	0	1	0.227790432801822	11	2.50569476082005
chr6	26509365	26509366	442	436	98.6425339366516	0	0	1	0.226244343891403	5	1.13122171945701
chr6	26509373	26509374	362	0	0	356	98.3425414364641	0	0	6	1.65745856353591
chr6	26509374	26509375	365	358	98.0821917808219	0	0	4	1.0958904109589	3	0.821917808219178
chr6	26509375	26509376	364	1	0.274725274725275	5	1.37362637362637	1	0.274725274725275	357	98.0769230769231
chr6	26509376	26509377	366	0	0	362	98.9071038251366	0	0	4	1.09289617486339
chr6	26509377	26509378	367	5	1.36239782016349	360	98.0926430517711	0	0	2	0.544959128065395
chr6	26509380	26509381	349	0	0	343	98.2808022922636	0	0	6	1.71919770773639
chr6	26509383	26509384	344	3	0.872093023255814	11	3.19767441860465	2	0.581395348837209	328	95.3488372093023
chr6	26509391	26509392	331	323	97.583081570997	0	0	2	0.604229607250755	6	1.81268882175227
chr6	26509398	26509399	329	1	0.303951367781155	4	1.21580547112462	324	98.4802431610942	0	0
chr6	26509404	26509405	300	2	0.666666666666667	4	1.33333333333333	1	0.333333333333333	293	97.6666666666667
chr6	26509405	26509406	295	0	0	4	1.35593220338983	0	0	291	98.6440677966102
chr6	26509411	26509412	276	273	98.9130434782609	0	0	0	0	3	1.08695652173913
chr6	26509417	26509418	270	1	0.37037037037037	1	0.37037037037037	5	1.85185185185185	263	97.4074074074074
chr19	4569722	4569723	3881	0	0	3831	98.7116722494203	5	0.128832775057975	43	1.10796186549858
chr19	4569732	4569733	3979	3934	98.8690625785373	3	0.0753958280975119	0	0	41	1.030409650666
chr19	4569741	4569742	4042	3980	98.4661058881742	0	0	0	0	62	1.53389411182583
Min Read Depth Required: 10
Fetal Fraction Estimate: 2.7
Fetal StdDev: 0.74
No. Informative SNPS: 61
Informative SNP defined as >2% and <40% Fetal Fraction
