chr	start	end	num_reads	A	A_Frac	G	G_Frac	C	C_Frac	T	T_Frac
chr6	12059934	12059935	169	0	0.0	167	98.81656804733728	0	0.0	2	1.183431952662722
chr6	12059945	12059946	122	2	1.639344262295082	0	0.0	0	0.0	120	98.36065573770492
chr6	26509326	26509327	386	0	0.0	381	98.70466321243524	0	0.0	5	1.2953367875647668
chr6	26509328	26509329	371	0	0.0	5	1.3477088948787064	0	0.0	366	98.6522911051213
chr6	26509364	26509365	166	2	1.2048192771084338	0	0.0	0	0.0	164	98.79518072289156
chr6	26509375	26509376	128	0	0.0	2	1.5625	0	0.0	126	98.4375
chr6	26509376	26509377	130	0	0.0	128	98.46153846153847	0	0.0	2	1.5384615384615385
chr6	26509381	26509382	126	0	0.0	123	97.61904761904762	0	0.0	3	2.380952380952381
chr6	26509383	26509384	121	0	0.0	3	2.479338842975207	2	1.6528925619834711	116	95.86776859504133
chr6	26509415	26509416	100	2	2.0	0	0.0	98	98.0	0	0.0
chr9	2718464	2718465	1633	1609	98.53031230863442	1	0.0612369871402327	21	1.2859767299448868	2	0.1224739742804654
chr19	4569797	4569798	2039	1846	90.53457577243746	0	0.0	190	9.31829328102011	3	0.14713094654242276
chr19	4569880	4569881	1424	6	0.42134831460674155	1	0.0702247191011236	101	7.092696629213484	1316	92.41573033707866
Min Read Depth Required: 100
Fetal Fraction Estimate: 5.281363165704203
Fetal StdDev: 5.092385618052952
No. Informative SNPS: 1696
Informative SNP defined as >2% and <40% Fetal Fraction
