chr	start	end	num_reads	A	A_Frac	G	G_Frac	C	C_Frac	T	T_Frac
chr5	17374810	17374811	965	13	1.3471502590673576	4	0.41450777202072536	947	98.13471502590674	1	0.10362694300518134
chr5	17374817	17374818	980	967	98.67346938775509	0	0.0	3	0.30612244897959184	10	1.0204081632653061
chr5	17374823	17374824	973	11	1.1305241521068858	0	0.0	0	0.0	962	98.86947584789311
chr5	17374824	17374825	973	963	98.97225077081193	0	0.0	0	0.0	10	1.027749229188078
chr5	17374829	17374830	932	1	0.1072961373390558	908	97.42489270386267	5	0.5364806866952789	18	1.9313304721030045
chr5	17374830	17374831	928	1	0.10775862068965517	909	97.95258620689656	4	0.43103448275862066	14	1.5086206896551724
chr5	17374843	17374844	906	1	0.11037527593818984	893	98.56512141280353	2	0.22075055187637968	10	1.1037527593818985
chr5	17374844	17374845	932	12	1.2875536480686696	5	0.5364806866952789	915	98.17596566523605	0	0.0
chr5	17374845	17374846	937	12	1.2806830309498398	3	0.32017075773745995	922	98.39914621131271	0	0.0
chr5	17374852	17374853	936	13	1.3888888888888888	6	0.641025641025641	917	97.97008547008546	0	0.0
chr5	17374863	17374864	918	0	0.0	903	98.36601307189542	4	0.4357298474945534	11	1.1982570806100217
chr5	17374864	17374865	922	0	0.0	904	98.0477223427332	4	0.43383947939262474	14	1.5184381778741864
chr5	17374870	17374871	942	931	98.83227176220807	0	0.0	0	0.0	11	1.167728237791932
chr5	17374873	17374874	933	11	1.1789924973204717	5	0.5359056806002144	917	98.28510182207931	0	0.0
chr5	17374877	17374878	935	10	1.06951871657754	3	0.32085561497326204	921	98.50267379679144	1	0.10695187165775401
chr5	17374880	17374881	914	901	98.57768052516411	0	0.0	3	0.3282275711159737	10	1.0940919037199124
chr5	17374882	17374883	902	10	1.1086474501108647	3	0.3325942350332594	887	98.33702882483371	2	0.22172949002217296
chr5	17374889	17374890	897	884	98.55072463768117	1	0.11148272017837235	2	0.2229654403567447	10	1.1148272017837235
chr5	17374890	17374891	902	10	1.1086474501108647	0	0.0	0	0.0	892	98.89135254988913
chr5	17374891	17374892	896	9	1.0044642857142858	4	0.4464285714285714	883	98.54910714285714	0	0.0
chr5	17374892	17374893	892	11	1.2331838565022422	9	1.0089686098654709	872	97.75784753363229	0	0.0
chr5	17374902	17374903	844	0	0.0	833	98.69668246445498	2	0.23696682464454977	9	1.066350710900474
chr5	17374910	17374911	820	809	98.65853658536585	1	0.12195121951219512	1	0.12195121951219512	9	1.097560975609756
chr5	17374913	17374914	715	708	99.02097902097901	0	0.0	1	0.13986013986013987	9	1.2587412587412588
chr5	17374930	17374931	630	7	1.1111111111111112	4	0.6349206349206349	619	98.25396825396825	0	0.0
chr5	17374938	17374939	574	565	98.43205574912892	0	0.0	1	0.17421602787456447	8	1.3937282229965158
chr5	17374939	17374940	576	6	1.0416666666666665	0	0.0	0	0.0	570	98.95833333333334
chr5	17374942	17374943	564	7	1.2411347517730498	9	1.5957446808510638	548	97.16312056737588	0	0.0
chr5	17374943	17374944	564	557	98.75886524822694	0	0.0	0	0.0	7	1.2411347517730498
chr5	17374948	17374949	534	528	98.87640449438202	0	0.0	0	0.0	6	1.1235955056179776
chr5	17374951	17374952	496	0	0.0	486	97.98387096774194	0	0.0	10	2.0161290322580645
chr5	17374952	17374953	486	0	0.0	479	98.559670781893	0	0.0	7	1.440329218106996
chr5	17374954	17374955	468	461	98.50427350427351	0	0.0	0	0.0	7	1.4957264957264957
chr5	17374955	17374956	460	0	0.0	450	97.82608695652173	1	0.21739130434782608	9	1.956521739130435
chr5	17374970	17374971	391	384	98.20971867007673	0	0.0	0	0.0	7	1.7902813299232736
chr6	12059867	12059868	449	442	98.44097995545657	0	0.0	0	0.0	7	1.55902004454343
chr6	12059876	12059877	418	0	0.0	406	97.1291866028708	0	0.0	12	2.8708133971291865
chr6	12059879	12059880	405	0	0.0	398	98.27160493827161	1	0.24691358024691357	6	1.4814814814814816
chr6	26509256	26509257	865	3	0.3468208092485549	9	1.0404624277456647	852	98.4971098265896	1	0.11560693641618498
chr6	26509257	26509258	857	1	0.11668611435239205	9	1.0501750291715286	847	98.83313885647608	0	0.0
chr6	26509270	26509271	783	8	1.0217113665389528	7	0.8939974457215836	768	98.08429118773945	0	0.0
chr6	26509271	26509272	784	2	0.25510204081632654	11	1.403061224489796	771	98.34183673469387	0	0.0
chr6	26509283	26509284	575	567	98.60869565217392	1	0.17391304347826086	0	0.0	7	1.2173913043478262
chr6	26509288	26509289	572	564	98.6013986013986	0	0.0	0	0.0	8	1.3986013986013985
chr6	26509291	26509292	551	542	98.36660617059891	0	0.0	0	0.0	9	1.6333938294010888
chr6	26509292	26509293	545	535	98.1651376146789	0	0.0	2	0.3669724770642202	8	1.4678899082568808
chr6	26509300	26509301	411	401	97.5669099756691	0	0.0	3	0.7299270072992701	7	1.70316301703163
chr6	26509301	26509302	403	398	98.75930521091811	0	0.0	0	0.0	5	1.240694789081886
chr9	2718464	2718465	655	635	96.94656488549617	0	0.0	19	2.900763358778626	1	0.15267175572519084
chr9	2718499	2718500	678	8	1.1799410029498525	3	0.4424778761061947	0	0.0	667	98.37758112094396
chr9	2718544	2718545	764	8	1.0471204188481675	2	0.2617801047120419	0	0.0	754	98.69109947643979
chr9	2718575	2718576	835	2	0.23952095808383234	11	1.3173652694610778	0	0.0	822	98.44311377245509
chr9	2718580	2718581	846	828	97.87234042553192	1	0.1182033096926714	15	1.773049645390071	4	0.4728132387706856
chr9	2718602	2718603	766	752	98.17232375979113	1	0.13054830287206268	8	1.0443864229765014	4	0.5221932114882507
chr9	6903103	6903104	693	681	98.26839826839827	1	0.1443001443001443	9	1.2987012987012987	4	0.5772005772005772
chr9	6903104	6903105	700	8	1.1428571428571428	2	0.2857142857142857	689	98.42857142857143	0	0.0
chr9	6903106	6903107	715	9	1.2587412587412588	3	0.4195804195804196	703	98.32167832167832	0	0.0
chr9	6903113	6903114	700	8	1.1428571428571428	1	0.14285714285714285	2	0.2857142857142857	689	98.42857142857143
chr9	6903116	6903117	697	7	1.0043041606886656	1	0.1434720229555237	689	98.85222381635582	0	0.0
chr9	6903120	6903121	713	8	1.1220196353436185	0	0.0	0	0.0	705	98.87798036465638
chr9	6903126	6903127	715	8	1.118881118881119	1	0.13986013986013987	2	0.27972027972027974	704	98.46153846153847
chr9	6903127	6903128	713	10	1.402524544179523	4	0.5610098176718092	0	0.0	699	98.03646563814866
chr9	6903133	6903134	759	9	1.185770750988142	1	0.13175230566534915	0	0.0	749	98.68247694334651
chr9	6903138	6903139	787	0	0.0	777	98.72935196950444	2	0.25412960609911056	8	1.0165184243964422
chr9	6903145	6903146	811	0	0.0	795	98.02712700369914	5	0.6165228113440198	11	1.3563501849568433
chr9	6903166	6903167	810	800	98.76543209876543	1	0.12345679012345678	0	0.0	9	1.1111111111111112
chr9	6903185	6903186	787	0	0.0	777	98.72935196950444	1	0.12706480304955528	9	1.1435832274459974
chr9	6903186	6903187	777	0	0.0	764	98.32689832689833	3	0.3861003861003861	10	1.287001287001287
chr9	6903189	6903190	736	0	0.0	727	98.77717391304348	0	0.0	9	1.2228260869565217
chr9	6903198	6903199	738	8	1.084010840108401	3	0.40650406504065045	727	98.50948509485094	0	0.0
chr9	6903200	6903201	740	0	0.0	728	98.37837837837839	3	0.40540540540540543	9	1.2162162162162162
chr9	6903207	6903208	735	0	0.0	727	98.91156462585035	0	0.0	8	1.0884353741496597
chr9	6903208	6903209	726	0	0.0	713	98.20936639118457	3	0.4132231404958678	10	1.3774104683195594
chr9	6903210	6903211	731	720	98.49521203830369	0	0.0	0	0.0	11	1.5047879616963065
chr9	6903212	6903213	733	0	0.0	719	98.09004092769442	3	0.4092769440654843	11	1.5006821282401093
chr9	6903221	6903222	704	1	0.14204545454545456	693	98.4375	2	0.2840909090909091	8	1.1363636363636365
chr9	6903233	6903234	704	0	0.0	692	98.29545454545455	3	0.4261363636363636	9	1.278409090909091
chr9	6903239	6903240	706	0	0.0	694	98.30028328611898	3	0.424929178470255	9	1.2747875354107647
chr9	6903243	6903244	708	0	0.0	695	98.1638418079096	2	0.2824858757062147	11	1.5536723163841808
chr9	6903254	6903255	676	669	98.96449704142012	0	0.0	0	0.0	7	1.0355029585798818
chr9	6903256	6903257	664	655	98.64457831325302	0	0.0	2	0.30120481927710846	7	1.0542168674698795
chr9	6903259	6903260	641	0	0.0	633	98.75195007800312	1	0.15600624024961	7	1.0920436817472698
chr9	6903274	6903275	552	0	0.0	546	98.91304347826086	0	0.0	6	1.0869565217391304
chr9	8389305	8389306	1235	16	1.2955465587044535	2	0.16194331983805668	0	0.0	1217	98.5425101214575
chr9	8389308	8389309	1293	14	1.082753286929621	5	0.3866976024748647	1274	98.53054911059552	0	0.0
chr9	8389364	8389365	1051	1	0.09514747859181732	1036	98.57278782112274	3	0.285442435775452	11	1.0466222645099905
chr9	8389380	8389381	1040	1	0.09615384615384616	1026	98.65384615384616	2	0.19230769230769232	11	1.0576923076923077
chr9	8389407	8389408	1139	13	1.141352063213345	7	0.6145741878841089	1118	98.15627743634766	1	0.08779631255487269
chr9	14747076	14747077	982	12	1.2219959266802443	2	0.20366598778004072	968	98.57433808553971	0	0.0
chr9	14747083	14747084	989	0	0.0	975	98.58442871587462	4	0.40444893832153694	10	1.0111223458038423
chr9	14747112	14747113	1073	17	1.5843429636533086	1	0.09319664492078285	0	0.0	1055	98.3224603914259
chr9	14747117	14747118	1145	14	1.222707423580786	3	0.26200873362445415	1128	98.51528384279476	0	0.0
chr9	14747122	14747123	1151	12	1.0425716768027802	2	0.1737619461337967	0	0.0	1137	98.78366637706343
chr9	14747167	14747168	1279	14	1.09460516028147	7	0.547302580140735	1258	98.3580922595778	0	0.0
chr9	27985856	27985857	990	979	98.88888888888889	0	0.0	1	0.10101010101010101	10	1.0101010101010102
chr9	27985860	27985861	1003	11	1.0967098703888334	2	0.19940179461615154	0	0.0	990	98.70388833499501
chr9	27985869	27985870	994	0	0.0	976	98.18913480885311	10	1.0060362173038229	8	0.8048289738430584
chr9	27985948	27985949	1143	12	1.0498687664041995	5	0.4374453193350831	1124	98.33770778652668	2	0.17497812773403326
chr9	27985983	27985984	1091	1077	98.71677360219981	1	0.09165902841429881	2	0.18331805682859761	11	1.008249312557287
chr9	27985993	27985994	970	958	98.76288659793815	0	0.0	1	0.10309278350515465	11	1.134020618556701
chr9	27985994	27985995	968	955	98.65702479338843	0	0.0	2	0.2066115702479339	11	1.1363636363636365
chr9	27986020	27986021	862	9	1.0440835266821344	0	0.0	1	0.11600928074245939	852	98.83990719257541
chr9	27986022	27986023	877	2	0.22805017103762829	10	1.1402508551881414	864	98.51767388825542	1	0.11402508551881414
chr18	9749806	9749807	1086	11	1.0128913443830572	0	0.0	0	0.0	1075	98.98710865561694
chr18	9749854	9749855	1105	0	0.0	1085	98.19004524886877	7	0.6334841628959276	13	1.1764705882352942
chr18	9749882	9749883	1072	80	7.462686567164178	986	91.97761194029852	5	0.46641791044776115	1	0.09328358208955223
chr18	9749887	9749888	1087	11	1.011959521619135	2	0.18399264029438822	1074	98.80404783808648	0	0.0
chr18	9749906	9749907	1085	12	1.1059907834101383	2	0.18433179723502305	0	0.0	1071	98.70967741935483
chr18	9749923	9749924	1096	4	0.36496350364963503	1070	97.62773722627736	11	1.0036496350364963	11	1.0036496350364963
chr18	9749931	9749932	1080	1069	98.98148148148148	0	0.0	0	0.0	11	1.0185185185185186
chr18	9749933	9749934	1078	1063	98.60853432282003	1	0.0927643784786642	2	0.1855287569573284	12	1.1131725417439702
chr18	9749934	9749935	1079	11	1.0194624652455977	2	0.18535681186283595	1	0.09267840593141798	1065	98.70250231696015
chr18	9749945	9749946	1072	1051	98.0410447761194	1	0.09328358208955223	12	1.1194029850746268	8	0.7462686567164178
chr18	9749947	9749948	1079	13	1.2048192771084338	5	0.46339202965708987	1061	98.33178869323447	0	0.0
chr18	9749957	9749958	1073	12	1.1183597390493942	6	0.5591798695246971	1	0.09319664492078285	1054	98.22926374650513
chr18	9749965	9749966	986	5	0.5070993914807302	11	1.1156186612576064	0	0.0	970	98.37728194726166
chr19	4569725	4569726	1356	1342	98.96755162241888	0	0.0	0	0.0	14	1.0324483775811208
chr19	4569741	4569742	1355	1340	98.8929889298893	0	0.0	0	0.0	15	1.107011070110701
chr19	4569782	4569783	1331	1300	97.6709241172051	0	0.0	26	1.9534184823441023	5	0.3756574004507889
chr19	4569790	4569791	1299	1270	97.76751347190145	5	0.3849114703618168	14	1.077752117013087	10	0.7698229407236336
chr19	4569793	4569794	1286	1259	97.900466562986	1	0.07776049766718507	17	1.3219284603421462	9	0.6998444790046656
chr19	4569796	4569797	1288	1264	98.13664596273291	1	0.07763975155279502	14	1.0869565217391304	8	0.6211180124223602
chr19	4569837	4569838	1165	1143	98.11158798283262	1	0.08583690987124463	17	1.4592274678111588	4	0.34334763948497854
chr19	4569839	4569840	1162	4	0.34423407917383825	13	1.1187607573149743	1144	98.45094664371773	1	0.08605851979345956
chr19	4569876	4569877	798	2	0.2506265664160401	9	1.1278195488721803	789	98.87218045112782	0	0.0
chr19	4569878	4569879	798	783	98.1203007518797	0	0.0	9	1.1278195488721803	5	0.6265664160401002
chr19	4569896	4569897	753	739	98.14077025232405	0	0.0	9	1.1952191235059761	5	0.6640106241699867
chr19	4569897	4569898	753	738	98.00796812749005	0	0.0	3	0.398406374501992	12	1.593625498007968
Min Read Depth Required: 390
Fetal Fraction Estimate: 2.6040231816023534
Fetal StdDev: 1.2533330154647941
No. Informative SNPS at Min Read Depth: 128
Informative SNP defined as >2% and <40% Fetal Fraction
