chr	start	end	num_reads	A	A_Frac	G	G_Frac	C	C_Frac	T	T_Frac
chr5	17374828	17374829	2619	1	0.038182512409316534	2586	98.73997709049256	4	0.15273004963726614	27	1.0309278350515463
chr5	17374936	17374937	1522	0	0.0	1504	98.8173455978975	0	0.0	18	1.1826544021024967
chr5	17374951	17374952	1285	0	0.0	1265	98.44357976653697	0	0.0	20	1.556420233463035
chr5	17374955	17374956	1205	0	0.0	1189	98.67219917012449	1	0.08298755186721991	15	1.2448132780082988
chr5	17374971	17374972	1023	1009	98.63147605083088	0	0.0	0	0.0	14	1.3685239491691104
chr5	17374978	17374979	869	860	98.96432681242808	0	0.0	0	0.0	9	1.0356731875719216
chr5	17374979	17374980	833	822	98.67947178871549	0	0.0	1	0.12004801920768307	11	1.3205282112845138
chr6	12059876	12059877	916	0	0.0	900	98.2532751091703	0	0.0	16	1.7467248908296942
chr6	12059880	12059881	840	829	98.69047619047619	1	0.11904761904761905	0	0.0	10	1.1904761904761905
chr6	12059882	12059883	817	0	0.0	804	98.40881272949817	0	0.0	13	1.591187270501836
chr6	12059898	12059899	731	721	98.63201094391245	0	0.0	1	0.13679890560875513	9	1.231190150478796
chr6	12059913	12059914	633	1	0.1579778830963665	621	98.10426540284361	4	0.631911532385466	7	1.1058451816745656
chr6	12059917	12059918	546	537	98.35164835164835	0	0.0	3	0.5494505494505495	6	1.098901098901099
chr6	12059918	12059919	540	534	98.88888888888889	0	0.0	0	0.0	6	1.1111111111111112
chr6	12059921	12059922	529	519	98.10964083175804	0	0.0	0	0.0	8	1.5122873345935728
chr6	12059923	12059924	518	511	98.64864864864865	0	0.0	0	0.0	7	1.3513513513513513
chr6	12059925	12059926	515	509	98.83495145631068	0	0.0	0	0.0	6	1.1650485436893203
chr6	12059926	12059927	510	500	98.0392156862745	0	0.0	4	0.7843137254901961	6	1.1764705882352942
chr6	12059934	12059935	392	0	0.0	386	98.46938775510205	1	0.25510204081632654	5	1.2755102040816326
chr6	26509308	26509309	1006	991	98.50894632206759	0	0.0	3	0.2982107355864811	12	1.1928429423459244
chr6	26509324	26509325	790	779	98.60759493670886	0	0.0	0	0.0	11	1.3924050632911391
chr6	26509326	26509327	788	0	0.0	779	98.85786802030458	1	0.12690355329949238	8	1.015228426395939
chr6	26509328	26509329	764	1	0.13089005235602094	14	1.832460732984293	0	0.0	749	98.03664921465969
chr6	26509338	26509339	604	596	98.67549668874173	0	0.0	1	0.16556291390728478	7	1.1589403973509933
chr6	26509339	26509340	590	2	0.3389830508474576	6	1.0169491525423728	581	98.47457627118644	1	0.1694915254237288
chr6	26509340	26509341	584	0	0.0	6	1.0273972602739725	577	98.8013698630137	1	0.17123287671232876
chr6	26509344	26509345	566	3	0.5300353356890459	6	1.0600706713780919	557	98.40989399293287	0	0.0
chr6	26509346	26509347	530	521	98.30188679245283	0	0.0	2	0.37735849056603776	7	1.3207547169811322
chr6	26509347	26509348	522	514	98.46743295019157	0	0.0	2	0.38314176245210724	6	1.1494252873563218
chr6	26509363	26509364	439	427	97.26651480637814	0	0.0	1	0.22779043280182232	11	2.5056947608200453
chr6	26509365	26509366	442	436	98.64253393665159	0	0.0	1	0.22624434389140274	5	1.1312217194570136
chr19	4569722	4569723	3881	0	0.0	3831	98.71167224942026	5	0.12883277505797475	43	1.107961865498583
chr19	4569732	4569733	3979	3934	98.86906257853732	3	0.07539582809751194	0	0.0	41	1.0304096506659965
chr19	4569741	4569742	4042	3980	98.46610588817417	0	0.0	0	0.0	62	1.533894111825829
Min Read Depth Required: 390
Fetal Fraction Estimate: 2.574782457161355
Fetal StdDev: 0.6037557567722561
No. Informative SNPS at Min Read Depth: 34
Informative SNP defined as >2% and <40% Fetal Fraction
